complex_group_id: AF3_COMPLEX_SCN5A_CALM
complex_name: SCN5A/Nav1.5 calmodulin complex
combined_readiness_status: structured_evidence_ready_for_manual_af3_design
estimated_af3_tokens: 2166

Evidence rows:
- CALM1 -> CA (ion): uniprot_calcium_context; PubMed=16760425;23893133;25441029;26969752;27165696;28890335;31330532;31454269;35338844;35446120;35568036;36423631;36624349;38297121;40328314;40875847; Reactome=; PDB=
- CALM2 -> CA (ion): uniprot_calcium_context; PubMed=16760425;26969752;27165696;35338844;35446120;35568036;36423631;36624349; Reactome=; PDB=
- CALM3 -> CA (ion): uniprot_calcium_context; PubMed=16760425;31454269;35338844;35446120;35568036;36423631;36624349; Reactome=; PDB=
- SCN5A -> CA (ion): uniprot_calcium_context; PubMed=1309946;11234013;11804990;12569159;19074138;21447824;23085483;23420830;24167619;25370050;26279430;26392562;26776555;33712541;40768348; Reactome=; PDB=
- CALM1 -> SCN5A (protein): uniprot_subunit_text_mention; PubMed=9804419;12485993;12577052;12871148;15217910;15548568;15579534;15719022;15746192;16127172;16299511;16760425;17719545;18165683;18650434;19666841;20086014;20466722;21167176;21817159;21994374;22484487;22705208;23109337;23607618;23893133;25370050;25441029;25582440;26164367;26392562;26721415;27516456;27564677;27876793;28890335;29724949;30021165;30287853;31155282;31330532;33667636;34929720;35338844;35387979;35446120;35568036;36423631;36624349;37117223;38297121;40328314;40875847; Reactome=R-HSA-5576892; PDB=4DCK;4DJC;4JQ0;4OVN;5DBR
- CALM2 -> CALM1 (protein): uniprot_subunit_text_mention; PubMed=9804419;12485993;12577052;12871148;15719022;15746192;16127172;16299511;16760425;17719545;18165683;18650434;20086014;20466722;21167176;22484487;23109337;23607618;23893133;25441029;25582440;26164367;27516456;27564677;27876793;28890335;29724949;30021165;30287853;31155282;31330532;33667636;34929720;35338844;35387979;35446120;35568036;36423631;36624349;38297121;40328314;40875847; Reactome=R-HSA-9948001;R-HSA-9956593; PDB=
- CALM2 -> SCN5A (protein): uniprot_subunit_text_mention; PubMed=9804419;12871148;15217910;15548568;15579534;15746192;16127172;16760425;17719545;18650434;19666841;20466722;21167176;21817159;21994374;22484487;22705208;23109337;25370050;25582440;26164367;26392562;26721415;27516456;27564677;27876793;35338844;35446120;35568036;36423631;36624349;37117223;38297121; Reactome=; PDB=6MUD
- CALM3 -> CALM1 (protein): uniprot_subunit_text_mention; PubMed=9804419;12485993;12577052;12871148;15719022;15746192;16127172;16299511;16760425;17719545;18165683;18650434;20086014;20466722;21167176;22484487;23109337;23607618;23893133;25441029;25582440;26164367;27516456;27564677;27876793;28890335;29724949;30021165;30287853;31155282;31330532;33667636;34929720;35338844;35387979;35446120;35568036;36423631;36624349;38297121;40328314;40875847; Reactome=R-HSA-9948001;R-HSA-9956593; PDB=
- CALM3 -> SCN5A (protein): uniprot_subunit_text_mention; PubMed=9804419;12871148;15217910;15548568;15579534;15746192;16127172;16760425;17719545;18650434;19666841;20466722;21167176;21817159;21994374;22484487;22705208;23109337;25370050;25582440;26392562;26721415;27516456;27564677;27876793;35338844;35446120;35568036;36423631;36624349;37117223;38297121; Reactome=; PDB=
- SCN5A -> CALM1 (protein): uniprot_subunit_text_mention; PubMed=9804419;12485993;12577052;12871148;15217910;15548568;15579534;15719022;15746192;16127172;16299511;16760425;17719545;18165683;18650434;19666841;20086014;20466722;21167176;21817159;21994374;22484487;22705208;23109337;23607618;23893133;25370050;25441029;25582440;26164367;26392562;26721415;27516456;27564677;27876793;28890335;29724949;30021165;30287853;31155282;31330532;33667636;34929720;35338844;35387979;35446120;35568036;36423631;36624349;37117223;38297121;40328314;40875847; Reactome=R-HSA-5576892; PDB=4DCK;4DJC;4JQ0;4OVN;5DBR
